100
2
10 11
3
0 9 9
4
81 67 83 86
3
11 22 30
1
0
1
5
1
999999
1
1000000
2
5 10
3
0 10 11
5
10 20 21 22 23
5
422808 211404 761062 845625 491519
5
100 12 10 26 83
5
42 38 81 27 20
5
55 13 66 39 64
5
78 29 25 3 12
5
81 44 57 32 23
5
22 79 73 14 71
5
32 44 69 58 3
5
26 23 72 44 31
5
70 26 63 43 6
5
5 61 20 56 44
10
46 2 28 38 22 74 27 51 80 75
10
7 38 8 9 87 28 36 27 70 66
10
4 59 19 82 28 97 34 33 57 62
10
58 79 90 99 88 80 69 99 74 7
10
87 9 34 16 18 59 39 95 97 92
10
39 55 43 29 47 48 69 52 0 91
10
79 43 85 63 63 94 51 25 58 58
10
78 14 81 4 20 99 57 77 45 3
10
21 61 37 39 86 19 63 30 54 42
10
85 2 47 35 77 76 92 46 50 55
5
930131 940421 812274 807752 835103
5
899869 920375 832231 954271 954496
5
801327 906425 811571 813620 931261
5
989279 989479 968591 814401 905301
5
911724 914346 817442 951917 926638
5
852245 914820 803962 963605 876954
5
927656 983193 858836 988051 894354
5
953153 897342 927646 827693 870212
5
827507 847666 934121 978319 909766
5
997479 911358 823253 963356 981892
10
989516 984826 985118 843570 967459 858932 821892 825527 923103 865217
10
962924 996986 889892 850013 922532 805878 976977 805361 813784 942400
10
951824 976280 817654 962008 894885 903051 820171 838483 991239 904326
10
940961 998485 817073 890558 882844 898740 855190 863792 990773 937328
10
967223 945717 815465 826869 907644 833543 938176 816540 836596 888116
10
810536 846525 908087 828389 890379 845771 914795 973294 841716 808579
10
944608 827918 825782 940040 983776 974759 894817 892681 998295 856724
10
997230 819131 931635 919608 981378 920557 916366 950461 955559 892730
10
999668 823203 837309 810762 894231 950786 807059 855652 824195 912518
10
985703 918598 968143 991305 978158 904769 955192 852784 849194 819637
10
900058 901690 97 87 83 922902 33 902560 883682 1
10
74 88 35 803004 871685 984711 89 82 866371 908558
10
925290 932766 986646 42 29 929651 11 98 94 948598
10
74 966535 14 829651 828568 55 969284 808291 64 42
10
18 841042 854683 82 19 89 63 875198 826238 962170
10
3 950873 82 72 915270 833757 59 44 958561 880470
10
24 46 56 803430 1 857592 829149 70 868341 992600
10
870830 21 90 91 954208 25 901285 16 879001 827744
10
938244 78 80 813447 76 918338 906857 65 817890 80
10
895226 864756 856600 0 58 81 19 871535 976827 27
10
916623 884622 31 42 897976 876471 984973 4 35 74
10
835571 70 11 94 932495 49 30 883315 860671 840659
10
97 878062 987745 957805 67 59 43 829029 94 973756
10
74 832214 874501 67 33 931060 78 826293 851712 6
10
887346 26 2 878189 987565 917466 43 37 881938 10
10
42 85 818369 81 33 984610 951501 51 988257 860463
10
44 60 976957 64 822056 869675 88 948248 64 942271
10
42 39 842713 35 875786 805944 839023 18 48 917870
10
949782 28 978532 854882 81 83 66 955921 892856 60
10
841544 842724 50 1 867408 54 933586 86 82 824217
8
554565 705676 755715 525145 60521 273492 36366 90480
7
847975 163376 740373 382250 17592 519395 92015
7
332735 370805 185600 958530 316945 131365 708655
8
617945 306315 333948 236271 573295 776120 91195 788505
7
475629 778515 327510 337735 337705 503665 669135
10
625 176395 852635 168820 169205 979770 538480 591540 270440 169295
10
518465 421815 849475 673025 685833 963620 624355 530600 465090 513080
10
906675 91740 912595 356105 195952 677585 929933 281048 968405 298550
8
810335 340095 888750 454705 14050 178215 338385 222310
9
180723 294475 361330 64660 60875 709894 143445 178400 395315
10
587846 68730 171145 420377 582785 408540 482450 438645 511105 201325
8
994905 624627 781920 424865 699615 932205 390615 889605
8
655610 531105 260049 78960 216015 187850 158375 740265
9
779165 612900 587105 776108 322415 465875 107840 370435 536205
7
677833 112745 244673 412756 926422 993660 987130
10
836069 874275 491080 837180 826866 861915 699220 818475 389990 896460
7
657895 754870 922950 499055 673035 170090 745065
9
11207 460780 307260 451750 390508 766080 23105 820500 353005
9
659180 392625 669943 603415 982595 479066 724045 419660 528860
9
867695 947458 135625 401400 430106 324670 373790 405993 64364
3
370640 358504 857096
8
48919 33887 313464 168068 773116 111233 768316 163865
7
949441 230287 328244 122980 576070 720285 24106
10
810068 209281 707990 766173 86797 815966 827666 55830 807701 266316
5
172557 960585 896880 14951 955496
10
198263 277838 91750 737574 298108 937771 155763 697004 867774 69310
10
516595 366181 214869 690007 645709 927455 130668 156894 301024 97184
6
949038 481877 534889 558759 555290 925854
