100
1 7
6 3 979
6 7
1 2 409
1 6 548
1 1 11
4 1 182
1 3 792
3 4 684
3 3
1 2 694
2 1 711
1 3 337
1 6
6 6 1000
8 8
8 1 1000
8 1 1000
8 1 1000
8 1 1000
8 1 1000
8 1 1000
8 1 1000
8 1 1000
1 5
2 4 378
7 3
3 3 1000
3 3 1000
3 3 1000
3 3 1000
3 3 1000
3 3 1000
3 3 1000
7 2
2 1 49
1 1 58
2 1 741
2 1 7
1 2 228
1 1 292
1 1 852
2 1
1 1 337
1 1 710
5 7
6 4 803
5 4 709
5 5 174
4 6 557
4 5 124
6 5
2 5 134
5 3 575
5 1 490
4 1 562
5 3 475
4 1 880
4 8
6 7 892
5 6 784
7 7 686
8 6 187
5 7
1 4 451
5 6 736
7 4 41
1 5 798
7 7 475
2 3
1 2 887
1 3 914
1 1
1 1 31
4 6
1 2 422
5 5 205
6 4 437
1 3 727
3 6
4 4 242
5 5 759
2 4 203
8 8
2 1 194
4 4 566
8 6 422
5 6 77
5 3 463
3 4 529
1 8 308
2 6 203
4 2
1 1 5
1 1 430
2 1 391
2 2 703
7 7
2 6 617
2 3 518
4 3 763
6 2 647
1 6 727
3 6 438
4 4 649
3 4
3 4 95
3 2 725
4 1 878
6 1
1 1 1000
1 1 1000
1 1 1000
1 1 1000
1 1 1000
1 1 1000
1 3
3 2 594
2 7
7 2 608
4 7 206
1 7
5 6 977
2 2
2 2 778
2 2 814
8 2
2 2 368
1 1 906
2 2 249
1 1 871
2 1 527
2 1 190
2 1 453
2 2 964
8 8
5 7 998
5 5 368
5 5 943
5 7 743
7 7 160
6 6 885
8 8 739
6 8 707
6 7
4 7 647
4 7 23
7 5 251
2 3 395
2 7 699
7 6 465
8 4
2 1 304
3 1 927
2 4 327
3 4 415
4 1 799
2 1 682
1 4 545
3 1 723
5 8
5 5 417
8 7 87
5 5 808
7 7 998
5 8 111
2 4
2 1 576
3 1 616
6 5
5 1 329
3 1 959
1 4 91
3 2 895
4 3 352
5 1 565
6 7
2 2 711
4 2 622
3 4 292
6 4 888
7 5 837
3 5 807
5 7
3 5 699
3 6 238
6 3 989
4 6 896
3 7 336
8 8
1 6 6
1 1 1
1 3 3
1 4 4
1 5 5
1 7 7
8 8 1000
1 2 2
4 3
3 3 750
2 3 318
1 2 498
2 1 938
6 8
4 8 479
6 1 742
1 4 244
8 3 299
8 7 512
3 3 524
7 2
1 1 700
2 2 914
2 2 162
2 1 220
1 1 990
2 1 580
1 2 435
3 1
1 1 203
1 1 794
1 1 525
1 3
1 2 577
7 5
5 5 1000
5 5 1000
5 5 1000
5 5 1000
5 5 1000
5 5 1000
5 5 1000
8 8
8 8 1000
8 8 1000
8 8 1000
8 8 1000
8 8 1000
8 8 1000
8 8 1000
8 8 1000
6 8
2 6 858
4 5 170
7 8 85
1 5 85
6 5 160
5 5 930
1 7
2 5 737
5 4
1 1 914
3 4 577
1 1 866
1 3 944
2 4 485
5 5
3 4 510
2 5 788
4 3 317
2 1 424
2 3 102
2 1
1 1 54
1 1 493
4 8
8 8 1000
8 8 1000
8 8 1000
8 8 1000
1 4
1 4 688
8 4
4 4 578
4 4 697
4 4 599
4 4 215
4 4 969
4 4 214
4 4 957
4 4 632
4 4
2 1 627
1 3 806
4 2 104
4 1 229
1 3
3 3 1000
6 6
3 2 606
6 2 465
3 1 12
4 3 787
6 2 493
5 3 828
4 5
1 4 362
5 5 794
5 3 281
3 1 535
3 8
8 8 1000
8 8 1000
8 8 1000
2 5
5 3 759
4 5 912
6 7
6 4 692
5 6 798
4 5 315
5 5 215
4 5 748
5 4 88
3 8
2 3 264
1 3 147
3 4 781
2 6
6 6 1000
6 6 1000
8 5
4 3 173
4 4 592
4 4 114
3 3 269
4 3 556
3 3 285
3 4 932
4 4 914
5 3
2 3 5
1 1 330
2 1 647
1 1 105
2 3 41
4 4
4 2 470
4 3 69
1 1 53
1 4 511
8 5
5 5 1000
5 5 1000
5 5 1000
5 5 1000
5 5 1000
5 5 1000
5 5 1000
5 5 1000
3 4
1 3 659
1 4 666
2 1 920
7 2
2 2 642
1 1 96
2 2 871
2 1 288
2 2 198
2 2 738
1 1 177
8 8
1 8 1000
1 8 1000
1 8 1000
1 8 1000
1 8 1000
1 8 1000
1 8 1000
1 8 1000
1 5
3 2 595
7 5
3 1 330
1 1 356
1 2 903
1 4 294
3 2 937
5 5 571
5 4 727
3 7
5 6 507
7 7 133
3 2 76
8 8
5 3 77
3 8 347
3 2 719
3 3 956
8 5 121
4 6 699
3 5 351
1 2 690
5 7
4 4 874
5 6 898
5 5 698
4 6 663
6 6 642
7 6
3 6 928
5 6 360
1 4 459
5 2 26
1 3 638
3 3 903
1 6 721
3 3
2 2 305
1 1 624
2 2 593
6 3
2 2 494
2 2 669
2 1 56
3 2 222
3 2 881
3 3 555
2 1
1 1 519
1 1 258
1 8
8 3 417
4 6
6 5 420
6 4 257
4 4 539
5 3 104
5 2
1 1 441
1 2 203
2 1 693
2 1 841
2 1 465
1 1
1 1 1
5 4
2 2 615
2 2 80
3 2 424
1 1 374
3 3 654
5 6
5 4 605
5 2 784
2 6 159
5 5 478
2 5 526
1 7
7 7 1000
8 2
1 2 235
2 2 510
2 2 828
2 1 11
2 2 737
2 2 969
1 2 131
1 1 673
5 8
7 7 226
4 7 231
3 8 621
7 7 487
2 8 828
4 2
2 1 929
2 1 643
2 2 371
1 2 907
2 3
3 3 400
3 1 424
4 2
1 1 797
2 1 668
2 1 570
2 1 221
6 8
6 7 841
6 5 453
8 5 92
5 6 298
7 6 650
8 5 931
7 6
5 5 272
6 4 888
5 5 212
4 6 921
4 5 519
6 4 717
6 5 903
8 8
1 8 8
1 2 2
1 7 7
1 3 3
1 6 6
1 5 5
1 1 1
1 4 4
8 5
1 5 161
1 3 431
5 2 816
2 1 52
3 3 665
3 4 681
1 5 747
4 4 681
1 2
1 1 678
1 8
1 7 67
6 3
2 3 757
3 2 558
2 1 305
1 1 106
3 3 809
3 1 341
8 6
4 6 844
5 4 216
5 4 465
5 6 652
4 6 608
4 5 19
6 5 933
6 4 427
1 2
1 1 742
6 8
7 5 455
5 8 911
5 8 689
5 6 116
5 7 297
5 8 624
1 1
1 1 483
8 8
1 7 994
1 6 995
1 2 999
1 5 996
1 4 997
1 3 998
1 1 1000
1 8 993
