307
9220
7276
7
9667
117
9707
3541
163
1233
9644
23
9900
1481
5
65
75
105
8815
92
63
1741
125
239
58
64
90
25
39
38
942
641
463
9513
33
9885
8609
9170
21
96
9747
4972
109
37
107
36
45
51
8627
11
8192
8828
9605
1000
127
5594
9819
1081
9240
5596
108
9025
2653
8848
8573
213
61
9008
414
77
18
8434
9490
47
1781
35
8227
8733
69
1820
89
9364
8683
102
8805
56
9422
256
59
4
10000
9011
8928
8
86
15
44
17
9938
375
9282
2841
9656
3
512
8634
8790
57
589
656
1022
3029
98
8516
111
1691
55
66
319
101
70
8515
8707
9652
9578
8913
254
29
9267
53
41
113
9843
8222
8842
9430
42
836
9564
5919
116
71
2683
84
85
91
115
3333
510
477
26
1553
54
303
73
8393
22
122
8347
60
2
31
83
12
20
50
3435
104
97
8629
76
88
40
1
87
9502
9241
2822
9240
126
34
901
4095
9863
10
68
100
74
9680
19
9303
9841
8748
1523
30
9439
2047
28
49
9755
8632
228
386
203
9394
511
110
9828
9252
255
8358
8790
8907
9781
1002
278
9541
94
8252
8207
8190
4647
124
8502
106
46
8356
120
93
13
7125
43
8906
123
48
8505
2912
9042
242
118
16
27
82
52
8498
207
733
8432
99
67
7466
8881
9
8859
24
114
9675
121
230
1023
8965
8007
14
4094
9718
80
9555
8205
9625
334
4096
8197
72
2048
128
3328
81
95
8965
6
8806
1471
9094
231
8887
9521
1024
78
9579
8864
79
103
9135
62
8739
282
251
2046
9655
8665
860
119
8330
112
8266
8191
32
4604
